99
89 9
88 8
89 9
4 94
3 93
4 64 29
68 28
17 22 15 29
16 16 40
17 14 37
29 34
27 32
25 30
23 28
22 27
20 2 25
19 4 6 17
17 5 4 16
16 5 3 17
15 6 20
14 7 19
14 8 19
13 9 18
12 10 17
11 11 16
10 12 15
10 13 14
9 14 14
8 11 13
8 12 13
7 13 12
7 14 12
6 15 11
6 16 11
5 17 10
5 18 10
5 19 10
4 21 9
4 22 9
3 24 9
3 26 9
3 29 9
3 31 8
3 34 8
3 36 8
3 37 8
3 38 8
3 39 8
3 39 8
3 40 8
3 40 8
3 40 8
3 39 8
3 40 8
4 15 24 9
4 13 24 9
4 5 5 24 9
4 4 5 26 3 9
4 3 4 15 16 9
5 3 4 15 14 10
5 3 3 16 11 10
5 2 3 16 7 10
6 2 3 16 11
6 2 3 7 8 11
7 3 3 2 6 6 12
7 10 2 5 6 12
8 12 3 5 5 13
8 15 3 5 4 13
9 3 20 4 4 6 7
9 4 25 3 3 5 6
10 5 28 2 3 7 7
11 6 30 2 3 16
12 8 32 3 3 17
13 10 37 3 18
14 11 38 2 18
15 11 40 2 19
15 11 42 3 20
16 16 40 21
17 16 42 19
17 17 43 17
16 19 45 13
15 21 47 11
14 24 47 8
13 27 48 7
13 8 76
14 7 76
15 7 75
15 8 8 64
15 10 7 63
14 21 62
14 5 16 61
13 7 16 59
12 9 17 56
11 11 17 51
11 14 21 48
10 16 23 39
10 88
10 88
#
99
99
99
5 34 44
4 31 39
5 29 36
33 34
31 32
29 30
28 28
26 24
25 21 3
24 19 5
23 9 6 6
21 7 2 3 7
20 2 4 4 9
9 9 5 2 17
8 7 7 18
9 8 28
17 29
16 21 7
16 23 6
15 16 6 5
14 1 14 6 4
14 3 14 5 4
13 5 13 5 4
13 7 13 5 3
12 8 11 6 2
12 15 32
11 29 32
11 32 33
11 35 33
10 36 34
10 35 13 20
10 36 14 8 10
9 36 14 8 9
9 36 15 8 8
9 36 17 8 7
9 58 9 6
9 4 53 8 6
8 3 31 15 9 5
8 2 25 15 8 5
8 28 17 8 5
8 60 4
8 59 4
8 29 24 4
8 22 24 4
8 19 24 4
8 18 25 3
8 16 24 3
8 15 24 3
8 16 25 2
8 16 24 2
8 19 24 2
9 21 23 2
9 23 23 2
9 24 23 2
9 24 22 2
9 25 22 2
10 26 22 2
10 27 26
10 55
11 20 32
11 19 2 24
11 20 24
12 19 23
12 20 23
13 20 23
7 5 11 8 22
6 5 10 9 22
7 6 10 9 21
15 10 11 22
16 9 33
16 8 27
17 7 20
18 7 20
19 6 20
19 5 19
20 5 1 19
21 4 2 18
18 4 4 4 18
17 4 4 6 18
18 6 3 8 17
26 3 9 17
27 3 10 17
29 2 12 17
31 1 15 16
33 17 16
2 32 20 15
1 34 23 15
2 40 15 12 15
69 12 14
70 28
99
99
99
99
99
99
