11 5 11 13
9 6 6 5 12
8 7 10 4 11
7 7 13 4 10
6 4 10 3 10
5 3 8 3 9
4 3 7 3 9
4 3 7 3 8
3 4 7 3 8
3 3 11 7
2 4 9 7
2 4 2 6 6
1 2 2 2 3 2 6
1 2 2 4 6 3 3 3 5
2 5 1 3 7 3 2 5
2 11 3 11 3 3 4
1 4 2 1 4 2 2 4 3 2 4
2 4 2 2 5 2 3 3
2 4 2 9 3 2
1 5 1 15 1
7 16
8 18
8 1 19
8 1 3 20
9 4 20
9 1 21
9 3 5 21
10 6 21
10 4 22
11 23
12 24
14 26
45
45
14 28
14 27
14 25
14 1 7 13
13 1 2 17
13 1 1 1 10
12 11
10 9
7 1 10
5 2 9
3 5 10
#
14 28
12 5 25
10 4 26
8 4 28
6 4 30
5 37 1
4 38 1
3 5 2 21 2
2 3 2 18 2
1 3 1 1 15 1
1 3 1 1 12
3 1 2 11
3 1 2 1 9
4 2 1 2 7
4 2 1 3 2
3 1 2 2
2 1 2 3 2
1 2 5 2 3 3
3 5 2 2 4
4 4 1 5
5 2 1 1 6
5 1 1 1 7
5 1 1 9
6 1 2 9 1
1 5 1 2 13
1 7 2 1 16
1 8 4 17
2 7 3 17 1
2 8 3 20
3 35
3 35
4 4 23 1
1 5 5 23
2 13 23 1
3 12 21 1
5 5 27 1 1
7 5 29
9 5 27
11 5 26
13 30
15 28
17 27
18 26
19 25
20 24
