1 1 2 2
4 7 9
2 6 3 6 3 3
11 11 3 9
16 2 6 1 1 2 1
5 3 8 1 10
1 5 18 2
9 2 1 1 1
3 5 5 1 1
10 1
4 2
2 5
4 2
6 2 1
3 6 5
6 4 7
8 3 3 9
11 10 6
12 12 6
5 4 3 2 6
5 31
6 28
6 27
5 20 2
3 19 3
3 18 2
2 17 2
3 17 1
19 2
18 1
3 1 14 5 1 3 2 1 2 1
5 12 2 1 1 1 1 1 1 1 1 2 1
6 8 2 3 1 3 1 1 1 4
3 12 1 1 1 1 1 1 1 1 1 2
2 8 1 1 2 1 1 2 1 1 2
#
4
6
6
7
8
4 3 1
4 4 5
5 5 5
6 6 4
7 3 2
8 5
1 13
1 11
3 13
3 15
3 17
3 2 15
3 3 15
2 1 2 3 15
4 7 15
4 5 2 15
3 5 2 15
2 1 7 12 2
2 1 2 3 12 1
1 1 1 3 12 1
3 1 2 11 2
6 12 2
3 1 1 9 2
6 1 6 3
7 5 3 5
1 4 4 2 1 1
2 4 3 2 5
8 3 1
7 3 1 5
2 2 2 4 1
8 4
2 1 1 1 4 5
4 1 2 3 1 1
3 4 3 5
1 8 4
3 2 1 3 5
1 4 3 4 1 1
1 1 2 3 3 3
6 3 4
7 3 4 5
4 5 1 3
1 1 2 1 1 4 5
3 1 2 1 4 3
3 2 3 3 3
3 8 2 5
