15
19
22
20 2
19 3
17 9
17 4 8
16 4 8
14 4 4 4
13 3 2
12 2 2
11 3 4 1
10 3 4 2
9 2 6 1
10 2 5 1
9 2 4 1
8 2 1 1 1 1
9 2 1 1 2 2 2
13 8 2 5 2
8 2 6 1 3 9 2
7 1 6 2 15 2
6 1 6 2 2 8 2
6 2 6 3 3 9
5 1 5 4 7 6
4 2 2 1 6 3 4
3 2 2 3 1 2 3 5
2 3 3 3 8
1 7 2 2 7 4
3 13 7 2 1 3
5 17 1 1 3 3
4 16 8 1 1 2
2 7 3 3 5 2 2
6 3 10 2 4
5 4 10 2 4
4 5 3 5 17
3 4 4 5 8 9
7 5 5 3 2 2 3
5 6 4 2 5 2 7
4 7 4 2 2 4 1 2
10 3 2 2 1
9 3 2 6 4 1
6 3 2 2 2 2 3
3 3 2 1 1 1 2
1 2 2 2 1
2 11 2 1
6 2 1
9 2 2
5 3 2 2
4 3 6 3
37 8
#
11 2 3 1
17 4 6 2
34 2
22 3 3 5 3
21 1 3 5 3
21 3 3 3 1 1
20 3 3 4 2 1
19 3 2 6 2 1
16 2 2 3 7 1 1
15 1 3 2 7 2 1
13 2 3 2 6 2 1
12 6 2 2 6 2 1
11 4 3 3 1 4 5
10 3 2 5 3 9
10 2 5 2 4 3 12
9 2 8 6 2 7 1
8 2 1 6 5 2 6 1
8 2 10 4 2 4 1
7 2 1 7 11 1 1
6 2 9 11 1 1
5 2 2 11 1 1
5 2 13 3 1 1
4 2 4 2 3 1 1
3 3 1 3 4 3 1 1
2 2 2 7 2 1 1
1 3 1 2 3 4 1 1
2 2 1 1 2 1 2 5 1 1
3 1 2 1 2 2 9 1
2 1 1 2 1 1 3 2 1
2 1 2 1 1 1 2 1
1 1 2 1 1 2 1
1 1 4 1 1 1 2 1 1
2 1 2 1 1 3 2 2 2 1
2 1 2 1 2 2 1 2 1
1 1 2 2 1 2 1 1 1
1 4 1 3 4 1 2
1 4 2 2 1 3 1 3
2 5 3 1 1 4 4
2 5 3 1 1 2 10 1
2 2 6 4 8 2 1
1 2 8 3 4 2
1 3 8 2 1
1 3 7 2 2 1
2 3 8 2 1 2 1
2 2 2 6 4 1 2 1
1 2 11 1 1
2 2 7 1 2
2 2 2 2 2 2
3 3 2 2 3
7 10
